v3.0 hex words addressed
000: 000 000 000 000 000 000 000 000 001 000 000 000 000 000 000 000
010: 000 000 000 000 000 000 000 002 000 000 000 000 000 000 000 000
020: 000 000 000 000 000 000 000 000 001 000 000 000 000 000 000 000
030: 000 000 000 018 000 000 000 000 000 000 000 000 000 000 000 000
040: 000 000 000 000 000 000 000 000 000 000 000 000 000 000 000 000
050: 000 000 000 000 000 000 000 000 000 000 000 000 000 000 000 000
060: 000 000 000 000 000 000 000 000 000 000 000 000 000 000 000 000
070: 000 000 000 000 000 000 000 000 000 000 000 000 000 000 000 000
080: 000 000 000 000 002 000 000 000 000 000 000 000 000 000 000 000
090: 000 000 000 000 000 001 000 000 000 000 000 000 000 000 000 000
0a0: 000 000 000 000 000 000 000 000 000 000 000 000 000 000 000 000
0b0: 000 000 000 000 000 000 000 000 000 000 000 000 000 000 000 000
0c0: 000 000 000 000 000 000 000 000 000 000 000 000 000 000 000 000
0d0: 000 000 000 000 000 000 000 000 000 000 000 000 000 000 000 000
0e0: 000 000 000 000 000 000 000 000 000 000 000 000 000 000 000 000
0f0: 000 000 000 000 000 000 000 000 000 000 000 000 000 000 000 000
100: 000 000 000 060 188 000 000 000 000 000 000 000 000 000 000 000
110: 000 000 000 060 188 000 000 000 000 000 000 000 000 000 000 000
120: 000 000 000 060 388 000 000 000 000 000 000 000 000 000 000 000
130: 000 000 000 060 188 000 000 000 000 000 000 000 000 000 000 000
140: 000 000 000 060 188 000 000 000 000 000 000 000 000 000 000 000
150: 000 000 000 060 188 000 000 000 000 000 000 000 000 000 000 000
160: 000 000 000 060 188 000 000 000 000 000 000 000 000 000 000 000
170: 000 000 000 060 188 000 000 000 000 000 000 000 000 000 000 000
180: 000 000 000 060 188 000 000 000 000 000 000 000 000 000 000 000
190: 000 000 000 060 188 000 000 000 000 000 000 000 000 000 000 000
1a0: 000 000 000 060 188 000 000 000 000 000 000 000 000 000 000 000
1b0: 000 000 000 060 188 000 000 000 000 000 000 000 000 000 000 000
1c0: 000 000 000 060 188 000 000 000 000 000 000 000 000 000 000 000
1d0: 000 000 000 060 188 000 000 000 000 000 000 000 000 000 000 000
1e0: 000 000 000 060 188 000 000 000 000 000 000 000 000 000 000 000
1f0: 000 000 000 060 188 000 000 000 000 000 000 000 000 000 000 000
200: 000 000 000 000 000 000 000 000 001 000 000 000 000 000 000 000
210: 000 000 000 000 000 000 000 002 000 000 000 000 000 000 000 000
220: 000 000 000 000 000 000 000 000 001 000 000 000 000 000 000 000
230: 000 000 000 018 000 000 000 000 000 000 000 000 000 000 000 000
240: 000 000 000 000 000 000 000 000 000 000 000 000 000 000 000 000
250: 000 000 000 000 000 000 000 000 000 000 000 000 000 000 000 000
260: 000 000 000 000 000 000 000 000 000 000 000 000 000 000 000 000
270: 000 000 000 000 000 000 000 000 000 000 000 000 000 000 000 000
280: 000 000 000 000 002 000 000 000 000 000 000 000 000 000 000 000
290: 000 000 000 000 000 001 000 000 000 000 000 000 000 000 000 000
2a0: 000 000 000 000 000 000 000 000 000 000 000 000 000 000 000 000
2b0: 000 000 000 000 000 000 000 000 000 000 000 000 000 000 000 000
2c0: 000 000 000 000 000 000 000 000 000 000 000 000 000 000 000 000
2d0: 000 000 000 000 000 000 000 000 000 000 000 000 000 000 000 000
2e0: 000 000 000 000 000 000 000 000 000 000 000 000 000 000 000 000
2f0: 000 000 000 000 000 000 000 000 000 000 000 000 000 000 000 000
300: 000 000 000 060 188 000 000 000 000 000 000 000 000 000 000 000
310: 000 000 000 060 188 000 000 000 000 000 000 000 000 000 000 000
320: 000 000 000 060 388 000 000 000 000 000 000 000 000 000 000 000
330: 000 000 000 060 188 000 000 000 000 000 000 000 000 000 000 000
340: 000 000 000 060 188 000 000 000 000 000 000 000 000 000 000 000
350: 000 000 000 060 188 000 000 000 000 000 000 000 000 000 000 000
360: 000 000 000 060 188 000 000 000 000 000 000 000 000 000 000 000
370: 000 000 000 060 188 000 000 000 000 000 000 000 000 000 000 000
380: 000 000 000 060 188 000 000 000 000 000 000 000 000 000 000 000
390: 000 000 000 060 188 000 000 000 000 000 000 000 000 000 000 000
3a0: 000 000 000 060 188 000 000 000 000 000 000 000 000 000 000 000
3b0: 000 000 000 060 188 000 000 000 000 000 000 000 000 000 000 000
3c0: 000 000 000 060 188 000 000 000 000 000 000 000 000 000 000 000
3d0: 000 000 000 060 188 000 000 000 000 000 000 000 000 000 000 000
3e0: 000 000 000 060 188 000 000 000 000 000 000 000 000 000 000 000
3f0: 000 000 000 060 188 000 000 000 000 000 000 000 000 000 000 000
