v3.0 hex words addressed
000: 008 000 000 00b 000 100 200 000 000 000 000 000 000 000 000 003
010: 008 000 000 00b 000 100 200 000 000 000 000 000 000 000 000 003
020: 008 000 000 00b 000 000 000 000 000 000 000 000 000 000 000 003
030: 008 000 000 000 000 000 000 000 000 000 000 000 000 000 000 003
040: 008 000 000 00b 000 100 200 000 000 000 000 000 000 000 000 000
050: 008 000 000 000 000 000 000 000 000 000 000 000 000 000 000 000
060: 008 000 000 00b 000 100 200 000 000 000 000 000 000 000 000 003
070: 008 000 000 00b 000 100 200 000 000 000 000 000 000 000 000 003
080: 008 000 000 040 030 000 000 000 000 000 000 000 000 000 000 003
090: 008 000 000 040 010 000 000 000 000 000 000 000 000 000 000 003
0a0: 008 000 000 000 000 000 000 000 000 000 000 000 000 000 000 003
0b0: 008 000 000 000 000 000 000 000 000 000 000 000 000 000 000 003
0c0: 008 000 000 000 000 000 000 000 000 000 000 000 000 000 000 003
0d0: 008 000 000 000 000 000 000 000 000 000 000 000 000 000 000 003
0e0: 008 000 000 000 000 000 000 000 000 000 000 000 000 000 000 003
0f0: 008 000 000 000 000 000 000 000 000 000 000 000 000 000 000 003
100: 008 000 000 000 080 000 000 000 000 000 000 000 000 000 000 003
110: 008 000 000 000 080 000 000 000 000 000 000 000 000 000 000 003
120: 008 000 000 000 080 000 000 000 000 000 000 000 000 000 000 003
130: 008 000 000 000 080 000 000 000 000 000 000 000 000 000 000 003
140: 008 000 000 000 080 000 000 000 000 000 000 000 000 000 000 003
150: 008 000 000 000 080 000 000 000 000 000 000 000 000 000 000 003
160: 008 000 000 000 080 000 000 000 000 000 000 000 000 000 000 003
170: 008 000 000 000 080 000 000 000 000 000 000 000 000 000 000 003
180: 008 000 000 000 080 000 000 000 000 000 000 000 000 000 000 003
190: 008 000 000 000 080 000 000 000 000 000 000 000 000 000 000 003
1a0: 008 000 000 000 080 000 000 000 000 000 000 000 000 000 000 003
1b0: 008 000 000 000 080 000 000 000 000 000 000 000 000 000 000 003
1c0: 008 000 000 000 080 000 000 000 000 000 000 000 000 000 000 003
1d0: 008 000 000 000 080 000 000 000 000 000 000 000 000 000 000 003
1e0: 008 000 000 000 080 000 000 000 000 000 000 000 000 000 000 003
1f0: 008 000 000 000 080 000 000 000 000 000 000 000 000 000 000 003
200: 008 000 000 00b 000 100 200 000 000 000 000 000 000 000 000 003
210: 008 000 000 00b 000 100 200 000 000 000 000 000 000 000 000 003
220: 008 000 000 00b 000 000 000 000 000 000 000 000 000 000 000 003
230: 008 000 000 000 000 000 000 000 000 000 000 000 000 000 000 003
240: 008 000 000 00b 000 100 200 000 000 000 000 000 000 000 000 000
250: 008 000 000 00b 000 100 200 000 000 000 000 000 000 000 000 000
260: 008 000 000 00b 000 100 200 000 000 000 000 000 000 000 000 003
270: 008 000 000 00b 000 100 200 000 000 000 000 000 000 000 000 003
280: 008 000 000 040 030 000 000 000 000 000 000 000 000 000 000 003
290: 008 000 000 040 010 000 000 000 000 000 000 000 000 000 000 003
2a0: 008 000 000 000 000 000 000 000 000 000 000 000 000 000 000 003
2b0: 008 000 000 000 000 000 000 000 000 000 000 000 000 000 000 003
2c0: 008 000 000 000 000 000 000 000 000 000 000 000 000 000 000 003
2d0: 008 000 000 000 000 000 000 000 000 000 000 000 000 000 000 003
2e0: 008 000 000 000 000 000 000 000 000 000 000 000 000 000 000 003
2f0: 008 000 000 000 000 000 000 000 000 000 000 000 000 000 000 003
300: 008 000 000 000 080 000 000 000 000 000 000 000 000 000 000 003
310: 008 000 000 000 080 000 000 000 000 000 000 000 000 000 000 003
320: 008 000 000 000 080 000 000 000 000 000 000 000 000 000 000 003
330: 008 000 000 000 080 000 000 000 000 000 000 000 000 000 000 003
340: 008 000 000 000 080 000 000 000 000 000 000 000 000 000 000 003
350: 008 000 000 000 080 000 000 000 000 000 000 000 000 000 000 003
360: 008 000 000 000 080 000 000 000 000 000 000 000 000 000 000 003
370: 008 000 000 000 080 000 000 000 000 000 000 000 000 000 000 003
380: 008 000 000 000 080 000 000 000 000 000 000 000 000 000 000 003
390: 008 000 000 000 080 000 000 000 000 000 000 000 000 000 000 003
3a0: 008 000 000 000 080 000 000 000 000 000 000 000 000 000 000 003
3b0: 008 000 000 000 080 000 000 000 000 000 000 000 000 000 000 003
3c0: 008 000 000 000 080 000 000 000 000 000 000 000 000 000 000 003
3d0: 008 000 000 000 080 000 000 000 000 000 000 000 000 000 000 003
3e0: 008 000 000 000 080 000 000 000 000 000 000 000 000 000 000 003
3f0: 008 000 000 000 080 000 000 000 000 000 000 000 000 000 000 003
