v3.0 hex words addressed
000: 04 49 80 04 49 80 04 49 80 00 00 00 00 00 00 00
010: 04 49 80 04 49 80 04 10 2a 00 00 00 00 00 00 00
020: 04 49 80 04 49 80 00 00 00 00 00 00 00 00 00 00
030: 04 49 80 00 00 00 00 00 00 00 00 00 00 00 00 00
040: 04 49 80 04 49 80 00 00 00 00 00 00 00 00 00 00
050: 04 49 80 00 00 00 00 00 00 00 00 00 00 00 00 00
060: 04 49 80 04 10 2a 00 00 00 00 00 00 00 00 00 00
070: 04 49 80 04 49 80 00 00 00 00 00 00 00 00 00 00
080: 04 49 80 04 10 2a 00 00 00 00 00 00 00 00 00 00
090: 04 49 80 04 49 80 00 00 00 00 00 00 00 00 00 00
0a0: 04 49 80 00 00 00 00 00 00 00 00 00 00 00 00 00
0b0: 04 49 80 00 00 00 00 00 00 00 00 00 00 00 00 00
0c0: 04 49 80 00 00 00 00 00 00 00 00 00 00 00 00 00
0d0: 04 49 80 00 00 00 00 00 00 00 00 00 00 00 00 00
0e0: 04 49 80 00 00 00 00 00 00 00 00 00 00 00 00 00
0f0: 04 49 80 00 00 00 00 00 00 00 00 00 00 00 00 00
100: 04 49 80 00 00 00 00 00 00 00 00 00 00 00 00 00
110: 04 49 80 00 00 00 00 00 00 00 00 00 00 00 00 00
120: 04 49 80 00 00 00 00 00 00 00 00 00 00 00 00 00
130: 04 49 80 00 00 00 00 00 00 00 00 00 00 00 00 00
140: 04 49 80 00 00 00 00 00 00 00 00 00 00 00 00 00
150: 04 49 80 00 00 00 00 00 00 00 00 00 00 00 00 00
160: 04 49 80 00 00 00 00 00 00 00 00 00 00 00 00 00
170: 04 49 80 00 00 00 00 00 00 00 00 00 00 00 00 00
180: 04 49 80 00 00 00 00 00 00 00 00 00 00 00 00 00
190: 04 49 80 00 00 00 00 00 00 00 00 00 00 00 00 00
1a0: 04 49 80 00 00 00 00 00 00 00 00 00 00 00 00 00
1b0: 04 49 80 00 00 00 00 00 00 00 00 00 00 00 00 00
1c0: 04 49 80 00 00 00 00 00 00 00 00 00 00 00 00 00
1d0: 04 49 80 00 00 00 00 00 00 00 00 00 00 00 00 00
1e0: 04 49 80 00 00 00 00 00 00 00 00 00 00 00 00 00
1f0: 04 49 80 00 00 00 00 00 00 00 00 00 00 00 00 00
200: 04 49 80 04 49 80 04 49 80 00 00 00 00 00 00 00
210: 04 49 80 04 49 80 04 10 2a 00 00 00 00 00 00 00
220: 04 49 80 04 49 80 00 00 00 00 00 00 00 00 00 00
230: 04 49 80 00 00 00 00 00 00 00 00 00 00 00 00 00
240: 04 49 80 04 49 80 00 00 00 00 00 00 00 00 00 00
250: 04 49 80 04 49 80 00 00 00 00 00 00 00 00 00 00
260: 04 49 80 04 10 2a 00 00 00 00 00 00 00 00 00 00
270: 04 49 80 04 49 80 00 00 00 00 00 00 00 00 00 00
280: 04 49 80 04 10 2a 00 00 00 00 00 00 00 00 00 00
290: 04 49 80 04 49 80 00 00 00 00 00 00 00 00 00 00
2a0: 04 49 80 00 00 00 00 00 00 00 00 00 00 00 00 00
2b0: 04 49 80 00 00 00 00 00 00 00 00 00 00 00 00 00
2c0: 04 49 80 00 00 00 00 00 00 00 00 00 00 00 00 00
2d0: 04 49 80 00 00 00 00 00 00 00 00 00 00 00 00 00
2e0: 04 49 80 00 00 00 00 00 00 00 00 00 00 00 00 00
2f0: 04 49 80 00 00 00 00 00 00 00 00 00 00 00 00 00
300: 04 49 80 00 00 00 00 00 00 00 00 00 00 00 00 00
310: 04 49 80 00 00 00 00 00 00 00 00 00 00 00 00 00
320: 04 49 80 00 00 00 00 00 00 00 00 00 00 00 00 00
330: 04 49 80 00 00 00 00 00 00 00 00 00 00 00 00 00
340: 04 49 80 00 00 00 00 00 00 00 00 00 00 00 00 00
350: 04 49 80 00 00 00 00 00 00 00 00 00 00 00 00 00
360: 04 49 80 00 00 00 00 00 00 00 00 00 00 00 00 00
370: 04 49 80 00 00 00 00 00 00 00 00 00 00 00 00 00
380: 04 49 80 00 00 00 00 00 00 00 00 00 00 00 00 00
390: 04 49 80 00 00 00 00 00 00 00 00 00 00 00 00 00
3a0: 04 49 80 00 00 00 00 00 00 00 00 00 00 00 00 00
3b0: 04 49 80 00 00 00 00 00 00 00 00 00 00 00 00 00
3c0: 04 49 80 00 00 00 00 00 00 00 00 00 00 00 00 00
3d0: 04 49 80 00 00 00 00 00 00 00 00 00 00 00 00 00
3e0: 04 49 80 00 00 00 00 00 00 00 00 00 00 00 00 00
3f0: 04 49 80 00 00 00 00 00 00 00 00 00 00 00 00 00
